0 1236
1 687
2 445
3 302
4 253
5 222
6 174
7 164
8 119
10 117
13 108
11 104
9 104
15 87
14 86
12 85
16 68
22 66
19 64
17 64
21 61
18 60
20 55
25 52
32 46
29 45
23 44
24 42
27 41
26 40
37 38
28 37
40 37
31 36
33 35
34 33
36 32
30 30
41 28
46 26
39 24
42 23
57 23
44 23
54 23
48 22
56 22
47 22
74 21
38 21
59 21
71 21
50 20
90 19
45 19
78 19
52 19
65 18
79 18
60 18
67 18
49 17
55 16
62 16
35 16
69 15
66 15
73 15
101 14
126 14
107 14
96 14
53 14
51 13
64 13
81 13
61 13
86 13
130 13
82 13
91 13
88 13
58 12
68 12
75 12
110 12
120 12
89 12
94 12
43 12
125 11
157 11
76 11
72 11
80 11
127 11
109 11
156 11
108 11
98 11
279 10
116 10
142 10
149 10
105 10
100 10
103 9
83 9
178 9
124 9
63 9
148 9
163 9
77 9
104 9
93 9
132 9
205 8
118 8
106 8
113 8
189 8
234 8
95 8
306 8
70 8
147 8
111 8
84 8
133 8
145 8
165 8
122 8
129 8
115 8
121 8
190 7
231 7
112 7
174 7
87 7
135 7
123 7
99 7
92 7
85 7
228 7
204 7
152 7
197 7
134 7
238 7
144 7
193 7
383 7
172 7
102 7
290 7
167 7
175 6
97 6
297 6
164 6
264 6
309 6
198 6
119 6
379 6
240 6
222 6
209 6
177 6
247 6
217 6
166 6
203 6
722 6
181 6
160 6
114 6
146 6
191 6
598 6
117 6
336 6
245 6
253 6
262 6
171 6
458 6
137 6
292 6
202 6
139 6
327 6
155 6
186 6
201 5
910 5
179 5
244 5
509 5
368 5
170 5
418 5
188 5
397 5
218 5
194 5
200 5
136 5
333 5
303 5
138 5
317 5
539 5
349 5
457 5
506 5
195 5
269 5
150 5
185 5
207 5
423 5
319 5
353 5
566 5
347 5
215 5
154 5
242 5
158 5
227 5
401 5
208 5
308 5
295 5
385 5
553 5
159 5
315 5
348 5
280 5
128 5
328 4
313 4
161 4
744 4
229 4
332 4
314 4
352 4
162 4
180 4
455 4
233 4
339 4
394 4
580 4
500 4
625 4
153 4
250 4
259 4
478 4
294 4
545 4
524 4
249 4
480 4
652 4
672 4
272 4
638 4
183 4
359 4
263 4
261 4
276 4
251 4
168 4
425 4
271 4
448 4
467 4
331 4
206 4
212 4
2723 4
444 4
173 4
386 4
658 4
391 4
340 4
505 4
643 4
223 4
357 4
275 4
296 4
255 4
230 4
469 4
141 4
330 4
210 4
881 4
131 4
326 4
257 4
372 4
543 4
140 4
1057 3
360 3
390 3
293 3
579 3
354 3
641 3
812 3
216 3
451 3
611 3
211 3
1004 3
2545 3
1420 3
1048 3
1138 3
403 3
454 3
797 3
495 3
453 3
343 3
406 3
474 3
609 3
555 3
484 3
585 3
526 3
356 3
442 3
299 3
270 3
213 3
232 3
424 3
365 3
476 3
437 3
151 3
1598 3
481 3
429 3
873 3
376 3
468 3
266 3
592 3
619 3
364 3
422 3
291 3
851 3
287 3
302 3
219 3
617 3
281 3
214 3
890 3
312 3
835 3
749 3
544 3
224 3
447 3
519 3
3148 3
246 3
679 3
3857 3
176 3
199 3
305 3
582 3
787 3
1365 3
399 3
788 3
426 3
950 3
220 3
289 3
1726 3
586 3
1511 3
182 3
517 3
595 3
421 3
1538 3
316 3
405 3
826 3
542 3
184 3
248 3
256 3
273 3
502 3
387 3
300 3
1036 3
584 3
413 3
1052 3
535 3
1635 3
420 3
620 3
3616 3
430 3
283 3
377 3
338 3
2027 2
440 2
260 2
581 2
1731 2
2257 2
432 2
443 2
894 2
520 2
604 2
1204 2
7780 2
1221 2
278 2
254 2
417 2
3298 2
869 2
1154 2
5113 2
1917 2
1253 2
1310 2
1822 2
4199 2
740 2
345 2
1078 2
2601 2
3518 2
2854 2
1501 2
770 2
877 2
1875 2
324 2
6141 2
1708 2
1262 2
4564 2
3752 2
861 2
5401 2
1201 2
743 2
1463 2
1168 2
533 2
1618 2
381 2
268 2
1374 2
838 2
355 2
3659 2
2043 2
2500 2
286 2
1770 2
528 2
4932 2
501 2
3073 2
1878 2
1851 2
4224 2
629 2
718 2
735 2
1261 2
613 2
2096 2
902 2
7135 2
614 2
143 2
591 2
1212 2
226 2
837 2
1504 2
538 2
2529 2
2925 2
624 2
556 2
6623 2
3753 2
933 2
3075 2
341 2
1182 2
236 2
1428 2
942 2
831 2
924 2
490 2
832 2
3358 2
2861 2
541 2
2102 2
1551 2
677 2
366 2
5744 2
856 2
1537 2
1399 2
760 2
494 2
862 2
3832 2
1081 2
3077 2
1444 2
1450 2
2679 2
536 2
1665 2
1599 2
409 2
1925 2
1233 2
496 2
754 2
761 2
1684 2
8132 2
402 2
702 2
1103 2
408 2
485 2
321 2
682 2
1167 2
1294 2
1006 2
628 2
235 2
3210 2
285 2
1991 2
2004 2
1292 2
1884 2
853 2
3824 2
590 2
745 2
1442 2
1308 2
5941 2
681 2
2179 2
1366 2
1117 2
2304 2
664 2
265 2
1309 2
1466 2
2999 2
850 2
2101 2
318 2
561 2
550 2
608 2
791 2
594 2
804 2
694 2
607 2
1453 2
1130 2
5045 2
1151 2
346 2
2332 2
1145 2
1981 2
627 2
4193 2
825 2
2764 2
571 2
1122 2
514 2
1322 2
3782 2
3882 2
876 2
1811 2
1015 2
713 2
989 2
768 2
661 2
2551 2
634 2
1972 2
320 2
554 2
801 2
1561 2
335 2
1724 2
860 2
675 2
1073 2
475 2
1416 2
1390 2
1443 2
656 2
1736 2
438 2
350 2
1471 2
762 2
1237 2
916 2
919 2
645 2
1531 2
1647 2
1105 2
655 2
756 2
739 2
2373 2
1293 2
239 2
3591 2
703 2
2589 2
518 2
491 2
2508 2
1045 2
1039 2
757 2
731 2
527 2
676 2
407 2
885 2
1300 2
369 2
2588 2
610 2
815 2
393 2
1206 2
1398 2
956 2
1658 2
375 2
472 2
1890 2
323 2
996 2
1280 2
1477 2
446 2
1711 2
325 2
5667 2
243 2
342 2
2972 2
531 2
288 2
2174 2
963 2
3188 2
1488 2
1521 2
671 2
1704 2
689 2
626 2
9100 2
169 2
3014 2
2882 2
3226 2
605 2
882 2
1070 2
456 2
2286 2
704 2
1824 2
499 2
3220 2
1579 2
2835 2
477 2
578 2
811 2
1580 2
565 2
8108 2
2962 2
720 2
968 2
647 2
3483 2
415 2
1272 2
711 2
1252 2
2743 2
674 2
912 2
187 2
616 2
1116 2
378 2
1339 2
548 2
523 2
6639 2
267 2
374 2
631 2
4080 2
2869 2
5281 2
8394 2
2121 2
4346 2
1141 2
3701 2
504 2
3369 2
530 2
3845 2
2020 2
7422 2
1187 2
982 2
1866 2
2642 2
388 2
1540 2
961 2
1500 2
3893 2
816 2
1408 2
1234 2
2613 2
678 2
2444 2
1208 2
2612 2
3192 2
534 2
258 2
7541 1
3508 1
4229 1
1024 1
5458 1
657 1
888 1
1207 1
646 1
5455 1
5761 1
1850 1
9426 1
4220 1
6506 1
4436 1
772 1
2465 1
719 1
8923 1
8890 1
5027 1
1957 1
818 1
2771 1
2603 1
7934 1
8946 1
2976 1
1545 1
6211 1
1287 1
1459 1
2170 1
5596 1
3448 1
776 1
2848 1
7752 1
3734 1
4257 1
4430 1
3391 1
395 1
4792 1
3667 1
1232 1
3875 1
307 1
4141 1
2391 1
5277 1
3871 1
8422 1
2964 1
7434 1
922 1
3689 1
1040 1
9326 1
2111 1
845 1
1756 1
2202 1
5796 1
2739 1
471 1
9223 1
1023 1
2082 1
5175 1
1460 1
886 1
6330 1
4032 1
7899 1
1843 1
1903 1
8750 1
2800 1
1603 1
4752 1
6237 1
2556 1
1575 1
8905 1
1474 1
659 1
8715 1
537 1
3431 1
1317 1
5527 1
6578 1
7308 1
5963 1
669 1
2054 1
1868 1
8753 1
2488 1
997 1
3012 1
1988 1
6802 1
906 1
1259 1
3536 1
5701 1
1552 1
653 1
1327 1
1222 1
9861 1
8611 1
1789 1
5090 1
8424 1
684 1
3590 1
6294 1
6624 1
3592 1
6410 1
2140 1
1401 1
7507 1
3402 1
2464 1
6108 1
2038 1
1764 1
1589 1
5158 1
2097 1
680 1
1506 1
7498 1
5815 1
1135 1
4330 1
547 1
498 1
2473 1
5613 1
1044 1
1742 1
2413 1
1927 1
4172 1
4790 1
3184 1
5708 1
1084 1
7403 1
7386 1
938 1
2365 1
2461 1
2329 1
9925 1
941 1
4313 1
5742 1
1064 1
2422 1
4243 1
6414 1
6526 1
814 1
3674 1
824 1
8535 1
1209 1
8284 1
8662 1
1325 1
3429 1
4368 1
9350 1
3567 1
3050 1
1943 1
2582 1
4298 1
1530 1
2470 1
6896 1
2320 1
3550 1
836 1
1127 1
846 1
5899 1
1472 1
5698 1
8475 1
2359 1
3079 1
1409 1
6485 1
441 1
362 1
7455 1
2645 1
7658 1
3888 1
693 1
3511 1
1355 1
2036 1
5009 1
5544 1
3240 1
746 1
8733 1
8027 1
1356 1
5048 1
575 1
2209 1
940 1
2003 1
636 1
1525 1
1607 1
3379 1
6073 1
2090 1
2333 1
9047 1
5673 1
3345 1
7655 1
2471 1
1166 1
4505 1
1313 1
3751 1
5913 1
3310 1
6753 1
7464 1
5525 1
3195 1
892 1
840 1
282 1
3934 1
3964 1
914 1
1748 1
848 1
4015 1
6725 1
4062 1
784 1
2507 1
1220 1
1955 1
1640 1
2597 1
3507 1
7295 1
4278 1
3030 1
1568 1
1336 1
2316 1
1772 1
8380 1
2069 1
7980 1
6509 1
4038 1
8069 1
3222 1
2211 1
1297 1
2280 1
1375 1
2350 1
3928 1
4838 1
3477 1
2017 1
5959 1
577 1
2059 1
4713 1
1034 1
6434 1
1290 1
1456 1
3777 1
686 1
1705 1
2831 1
6405 1
2328 1
4901 1
2302 1
3469 1
5783 1
3114 1
5017 1
9195 1
3681 1
4756 1
1083 1
967 1
3316 1
6050 1
1189 1
6308 1
1260 1
948 1
3771 1
1590 1
1114 1
1097 1
4197 1
2018 1
9959 1
1578 1
6867 1
1786 1
8225 1
1601 1
4047 1
1451 1
4445 1
2293 1
2692 1
1031 1
9578 1
7686 1
6767 1
9360 1
803 1
1203 1
721 1
1079 1
9712 1
1000 1
4457 1
4198 1
3971 1
1519 1
4689 1
2028 1
3409 1
7328 1
3651 1
1633 1
1091 1
2494 1
5597 1
4763 1
8454 1
5953 1
2916 1
6474 1
5945 1
2425 1
1815 1
2538 1
6065 1
433 1
8071 1
370 1
5400 1
1338 1
621 1
2497 1
2959 1
6852 1
3668 1
4475 1
7484 1
3459 1
1547 1
7296 1
2037 1
987 1
1357 1
2388 1
1616 1
2937 1
1215 1
398 1
9802 1
6339 1
2958 1
3134 1
3899 1
5988 1
2349 1
7038 1
241 1
1241 1
6613 1
5266 1
1544 1
2149 1
1344 1
1713 1
908 1
857 1
9002 1
522 1
1273 1
8115 1
1396 1
1529 1
6024 1
4136 1
2687 1
9345 1
623 1
8007 1
1993 1
7253 1
3091 1
4288 1
3223 1
8080 1
3272 1
1700 1
1657 1
3666 1
7894 1
7501 1
574 1
3352 1
4041 1
1995 1
1298 1
8220 1
3995 1
2193 1
1849 1
2215 1
9676 1
6063 1
2076 1
563 1
6655 1
3213 1
995 1
4727 1
7930 1
3607 1
3355 1
6483 1
1721 1
900 1
9892 1
1243 1
2581 1
8133 1
1345 1
2624 1
3056 1
4751 1
1749 1
1230 1
1853 1
6447 1
1195 1
7154 1
1062 1
2592 1
4216 1
3241 1
9695 1
8199 1
7323 1
2477 1
3374 1
3350 1
683 1
1112 1
2326 1
2053 1
2070 1
5326 1
6388 1
4132 1
1695 1
866 1
9209 1
5581 1
3255 1
1779 1
2358 1
5606 1
3671 1
7277 1
4316 1
5271 1
5332 1
5334 1
5479 1
6005 1
301 1
2095 1
6122 1
1797 1
1523 1
2936 1
1962 1
8079 1
1147 1
7348 1
192 1
9977 1
1483 1
3902 1
9619 1
6017 1
5409 1
1554 1
274 1
2180 1
8349 1
771 1
1085 1
9143 1
4703 1
2088 1
436 1
1053 1
5320 1
2662 1
747 1
1349 1
5076 1
6754 1
1516 1
1694 1
1192 1
904 1
2720 1
9896 1
3912 1
4256 1
2195 1
1918 1
9418 1
5291 1
569 1
3798 1
3595 1
1997 1
4531 1
277 1
3721 1
5823 1
8161 1
1929 1
492 1
5284 1
1397 1
3347 1
2673 1
723 1
1238 1
4413 1
9448 1
3038 1
4101 1
668 1
2250 1
4414 1
8452 1
1082 1
3167 1
2169 1
1076 1
3110 1
3669 1
1240 1
665 1
5835 1
3740 1
701 1
9383 1
2074 1
3975 1
486 1
8744 1
2314 1
2172 1
1846 1
1268 1
3678 1
3464 1
622 1
6872 1
5958 1
1542 1
6449 1
9287 1
9797 1
3051 1
3656 1
2956 1
7854 1
1715 1
1063 1
6780 1
7475 1
2719 1
6354 1
2864 1
1864 1
6454 1
8173 1
460 1
2819 1
8936 1
570 1
5968 1
9051 1
1754 1
2148 1
1916 1
3160 1
602 1
2542 1
796 1
2390 1
3608 1
1026 1
3600 1
511 1
3247 1
1533 1
9820 1
1971 1
4880 1
2138 1
3561 1
8939 1
741 1
1865 1
1627 1
4783 1
6963 1
2817 1
2119 1
8806 1
1492 1
3292 1
1755 1
5771 1
4301 1
5734 1
957 1
1265 1
9736 1
667 1
785 1
945 1
5131 1
3259 1
1011 1
2540 1
2437 1
2263 1
9040 1
3128 1
1617 1
2827 1
5091 1
763 1
4147 1
2234 1
2891 1
4514 1
344 1
709 1
588 1
9117 1
1777 1
5868 1
3872 1
4738 1
1058 1
8444 1
5278 1
298 1
9024 1
6473 1
8572 1
975 1
4943 1
1858 1
2275 1
5166 1
7809 1
6522 1
5694 1
1895 1
1794 1
9357 1
3534 1
9076 1
9916 1
9340 1
3936 1
833 1
937 1
5167 1
1947 1
755 1
4845 1
373 1
706 1
673 1
2651 1
2310 1
955 1
5330 1
1872 1
3815 1
6618 1
1143 1
4973 1
7230 1
9536 1
4591 1
839 1
1556 1
2594 1
3746 1
546 1
2442 1
3325 1
1071 1
515 1
1435 1
3036 1
4998 1
1178 1
1710 1
2788 1
2859 1
2899 1
9983 1
1210 1
1439 1
6139 1
1296 1
2865 1
428 1
4540 1
9648 1
3064 1
3252 1
9639 1
2780 1
1275 1
2267 1
1410 1
507 1
2221 1
1935 1
1047 1
1877 1
798 1
2866 1
4235 1
567 1
4900 1
400 1
2492 1
649 1
7132 1
1574 1
1010 1
867 1
4562 1
7933 1
1663 1
2216 1
8932 1
8764 1
2462 1
1160 1
1687 1
637 1
4352 1
3910 1
2655 1
7187 1
3388 1
822 1
8146 1
2007 1
1025 1
697 1
777 1
2705 1
1661 1
2072 1
6571 1
841 1
414 1
4602 1
2066 1
6974 1
725 1
1118 1
464 1
8870 1
9280 1
6460 1
237 1
932 1
6070 1
3288 1
954 1
758 1
3834 1
1289 1
4659 1
1757 1
6313 1
8298 1
844 1
7063 1
3319 1
3328 1
7333 1
3991 1
489 1
3520 1
2583 1
5814 1
5374 1
2975 1
4219 1
6568 1
1295 1
1621 1
5547 1
1054 1
896 1
9061 1
1346 1
5343 1
9275 1
1282 1
7547 1
3811 1
898 1
4558 1
696 1
3810 1
5184 1
1283 1
2450 1
766 1
1727 1
3501 1
698 1
2173 1
5100 1
3802 1
4574 1
5925 1
9808 1
2284 1
7508 1
688 1
1951 1
512 1
2016 1
7481 1
593 1
7149 1
5408 1
891 1
2025 1
6254 1
1276 1
3641 1
1185 1
4168 1
1513 1
3297 1
1213 1
1747 1
6752 1
558 1
1612 1
915 1
4807 1
1198 1
6507 1
5363 1
1360 1
9201 1
2775 1
551 1
6945 1
7625 1
508 1
322 1
8471 1
6587 1
2748 1
3848 1
640 1
2670 1
7384 1
764 1
5077 1
635 1
4985 1
2167 1
2401 1
8255 1
5910 1
5468 1
529 1
2228 1
4293 1
644 1
830 1
4859 1
3702 1
1994 1
742 1
8679 1
985 1
775 1
3172 1
2339 1
4836 1
7432 1
1170 1
8144 1
863 1
1239 1
1383 1
5204 1
1496 1
1855 1
3603 1
3021 1
5307 1
3908 1
4864 1
7586 1
5415 1
2301 1
660 1
5778 1
516 1
7246 1
1703 1
618 1
2348 1
8047 1
404 1
466 1
2564 1
7140 1
2449 1
3707 1
966 1
7243 1
2039 1
2614 1
1819 1
1566 1
4555 1
793 1
7110 1
2253 1
6067 1
7231 1
7361 1
1911 1
3047 1
3739 1
979 1
1257 1
2078 1
9300 1
7274 1
1565 1
991 1
3950 1
9261 1
1347 1
1445 1
7007 1
1184 1
1539 1
1436 1
2246 1
5978 1
384 1
9354 1
2157 1
1670 1
488 1
2050 1
5789 1
462 1
6093 1
1128 1
6515 1
752 1
439 1
2311 1
1099 1
2124 1
9656 1
821 1
1101 1
1723 1
2799 1
1131 1
5509 1
7089 1
225 1
1100 1
708 1
435 1
2158 1
1550 1
2085 1
654 1
4128 1
2023 1
1938 1
1746 1
5682 1
1173 1
2083 1
3578 1
3750 1
2763 1
9585 1
4003 1
5172 1
1133 1
6738 1
1333 1
2052 1
4857 1
6818 1
196 1
4106 1
2521 1
8520 1
3161 1
3789 1
3696 1
5413 1
767 1
4830 1
6099 1
2104 1
521 1
3687 1
4528 1
1804 1
1304 1
311 1
5656 1
1043 1
412 1
5444 1
4057 1
1235 1
9187 1
367 1
4742 1
3333 1
884 1
2232 1
2092 1
4595 1
419 1
1629 1
1787 1
8094 1
8684 1
284 1
918 1
1594 1
310 1
790 1
8761 1
1247 1
4517 1
1899 1
3181 1
9995 1
4526 1
855 1
1288 1
3482 1
4156 1
4227 1
1132 1
2546 1
3931 1
9898 1
3677 1
820 1
1271 1
452 1
1377 1
7445 1
3709 1
7931 1
3140 1
5088 1
1507 1
6894 1
9422 1
1653 1
2665 1
5309 1
9451 1
897 1
1464 1
1860 1
1098 1
9994 1
358 1
6419 1
823 1
691 1
3086 1
4895 1
6516 1
9334 1
789 1
5545 1
810 1
806 1
3150 1
2754 1
1111 1
1563 1
6243 1
5301 1
8980 1
8522 1
1652 1
1933 1
976 1
4504 1
410 1
2116 1
3683 1
479 1
7023 1
947 1
2797 1
2245 1
6224 1
2932 1
3221 1
2273 1
7907 1
6075 1
6327 1
2736 1
1174 1
923 1
1532 1
1153 1
2874 1
1432 1
2535 1
5351 1
3457 1
1246 1
6625 1
2928 1
1637 1
3611 1
8116 1
9484 1
2516 1
3387 1
1269 1
8352 1
8287 1
1094 1
7941 1
4886 1
589 1
3527 1
1482 1
2163 1
781 1
2575 1
560 1
1013 1
3076 1
2098 1
2486 1
6574 1
3169 1
6235 1
993 1
7656 1
782 1
7856 1
1559 1
2182 1
8742 1
807 1
651 1
4665 1
5295 1
921 1
1792 1
482 1
3262 1
1425 1
6046 1
5267 1
6292 1
1029 1
473 1
2061 1
8640 1
4343 1
6233 1
1217 1
1326 1
5358 1
666 1
5349 1
1061 1
4962 1
6422 1
4511 1
1323 1
2888 1
597 1
864 1
3831 1
3576 1
4102 1
6376 1
2966 1
3548 1
5543 1
8178 1
5169 1
3380 1
7906 1
4319 1
5485 1
1883 1
2712 1
6090 1
1462 1
7451 1
9819 1
988 1
5828 1
1386 1
685 1
2762 1
8680 1
3191 1
849 1
1281 1
9666 1
1791 1
4131 1
1985 1
5156 1
1626 1
1368 1
1581 1
1662 1
2155 1
329 1
6952 1
6716 1
8631 1
1404 1
6581 1
6283 1
8605 1
252 1
1836 1
4926 1
778 1
5692 1
7627 1
434 1
1505 1
3715 1
3101 1
4686 1
808 1
663 1
2796 1
2105 1
427 1
8096 1
1650 1
5474 1
1270 1
4818 1
7336 1
2980 1
1714 1
2973 1
2609 1
1605 1
3440 1
6343 1
1431 1
4851 1
583 1
827 1
716 1
562 1
6551 1
7717 1
5809 1
2954 1
2862 1
1514 1
3433 1
3371 1
3574 1
3416 1
707 1
1823 1
8277 1
8570 1
9141 1
3988 1
6189 1
6846 1
962 1
6403 1
6374 1
9392 1
1003 1
600 1
1620 1
3594 1
2235 1
2448 1
1406 1
1359 1
7820 1
6433 1
3349 1
819 1
3476 1
6236 1
8012 1
2957 1
1340 1
1827 1
1423 1
2490 1
1038 1
750 1
2345 1
4937 1
1306 1
9863 1
7138 1
1028 1
2370 1
552 1
5664 1
4074 1
1932 1
4733 1
3727 1
576 1
